circle: 368,153 832,617 0,1,0,18,16777215
circle: 444,308 753,617 0,1,0,18,16777215
circle: 497,259 586,348 0,1,0,18,16777215
circle: 622,262 708,348 0,1,0,18,16777215
line: 0,0 0,0 0,1,0,18,16777215
ellipse: 510,498 690,566 0,1,0,18,16777215
circle: 574,351 630,407 0,1,0,18,16777215
line: 600,406 600,491 0,1,0,18,16777215
line: 415,348 523,403 0,1,0,18,16777215
line: 400,422 510,428 0,1,0,18,16777215
line: 521,460 416,499 0,1,0,18,16777215
line: 678,410 776,356 0,1,0,18,16777215
line: 683,439 786,440 0,1,0,18,16777215
line: 687,466 763,518 0,1,0,18,16777215
line: 0,0 0,0 0,1,0,18,16777215
line: 0,0 0,0 0,1,0,18,16777215
line: 524,549 580,537 0,1,0,18,16777215
line: 580,537 631,537 0,1,0,18,16777215
line: 631,537 665,555 0,1,0,18,16777215
ellipse: 350,604 854,640 0,1,0,18,16777215
circle: 569,619 641,691 0,1,0,18,16777215
line: 572,641 636,640 0,1,0,18,16777215
line: 569,651 638,648 0,1,0,18,16777215
line: 606,651 606,688 0,1,0,18,16777215
line: 869,620 945,499 0,1,0,18,16777215
line: 946,649 984,514 0,1,0,18,16777215
circle: 931,445 1012,526 0,1,0,18,16777215
circle: 969,283 1019,333 0,1,0,18,16777215
line: 992,335 983,447 0,1,0,18,16777215
ellipse: 982,161 1001,286 0,1,0,18,16777215
ellipse: 1003,286 1146,322 0,1,0,18,16777215
ellipse: 985,327 1022,414 0,1,0,18,16777215
ellipse: 970,329 853,304 0,1,0,18,16777215
